/*

cmake -DCMAKE_BUILD_TYPE=Release ../ -DSOURCE_FILE=main_time_domain.cpp

*/
#include "pch.hpp"
#include <cctype>
#include <csignal>
#include <cstdlib>
#include <cstring>
#include <execinfo.h>
#include <string>
#include <unistd.h>

/*DOC_EXTRACT 0_0_BEM

# BEM-MEL

<img src="./sample_Goring1979.gif">

*/

// #define _debugging_

bool use_linear_element = false;
bool use_pseudo_quadratic_element = false;
bool use_true_quadratic_element = false;
enum class NodeRelocationMethod { none, ALE, interpolation };
enum class NodeRelocationSurface { linear, pseudo_quadratic, true_quadratic };
NodeRelocationMethod node_relocation_method = NodeRelocationMethod::none;
NodeRelocationSurface node_relocation_surface = NodeRelocationSurface::pseudo_quadratic;
std::string solver_type = "LU";
std::string coupling_type = "NONE";
double coupling_tol = 1e-10;
std::vector<double> coupling_params;
std::string preconditioner_type = "NONE";
std::string ilu_neighborhood_type = "BUCKETS";
int ilu_kring_num = 1;
double milu_omega = 1.0;
double ilut_drop_tol = 1e-3;
int ilut_max_entries_per_row = 50;
double ilut_pivot_min = 1e-12;
int schwarz_core_k = 1;
int schwarz_overlap_k = 1;
int schwarz_max_core_size = 64;
int schwarz_max_block_size = 128;
double schwarz_pivot_min = 1e-12;
double schwarz_diag_shift = 0.0;
double solver_tol = 1e-9;
int solver_max_iter = 500;
int solver_restart = 100;
int fmm_max_level = 7;
int fmm_bucket_max_points = 50;
#if defined(USE_METAL_M2L)
bool use_metal_m2l = false;
bool metal_m2l_threadgroup = false;
bool metal_m2l_sort_terms = false;
#endif
std::string nearfield_mode = "scalar";
int g_p2m_quadrature_points = 6;
double g_mac_theta = 0.25;

int time_step;
double simulation_time = 0;

#define BEM
#define simulation
//
#include "Network.hpp"

JSONoutput jsonout;

// pvd cpg_pvd("./vtu/bem.pvd");

#include "BEM.hpp"
#include "BEM_inputfile_reader.hpp"
// 追加
#include "OutputCommon.hpp"
#include "OutputJSON.hpp"
#include "OutputParaview.hpp"

#include "BEM_internal_flow.hpp"
#include "VPM.hpp"
#include "BEM_checkpoint.hpp"

#include "BEM_remesh_main.hpp"

namespace {
void crashBacktraceHandler(int sig) {
  const char* sig_name = strsignal(sig);
  if (!sig_name)
    sig_name = "UNKNOWN";

  ::write(STDERR_FILENO, "\n=== crash ===\n", 13);
  ::write(STDERR_FILENO, sig_name, std::strlen(sig_name));
  ::write(STDERR_FILENO, "\n", 1);

  void* frames[128];
  const int n = ::backtrace(frames, 128);
  ::backtrace_symbols_fd(frames, n, STDERR_FILENO);
  ::write(STDERR_FILENO, "=== end ===\n", 12);

  std::_Exit(128 + sig);
}

void installCrashBacktraceIfRequested() {
  const char* env = std::getenv("BEM_BACKTRACE");
  if (!env || std::strcmp(env, "1") != 0)
    return;

  std::signal(SIGSEGV, crashBacktraceHandler);
  std::signal(SIGABRT, crashBacktraceHandler);
  std::signal(SIGBUS, crashBacktraceHandler);
}

void enableRealFieldFmmDefaultForTimeDomain() {
  // Time-domain boundary data/solutions are typically real.
  // Prefer the real-field (m<0 conjugate symmetry) optimization by default for time-domain runs,
  // while still allowing users to override via `BEM_FMM_REALFIELD_M_CONJ=0/1`.
  if (std::getenv("BEM_FMM_REALFIELD_M_CONJ") != nullptr)
    return;
#if defined(_WIN32)
  _putenv_s("BEM_FMM_REALFIELD_M_CONJ", "1");
#else
  ::setenv("BEM_FMM_REALFIELD_M_CONJ", "1", 0 /* overwrite */);
#endif
}

struct PenetrationReport {
  std::size_t point_count = 0;
  std::size_t face_count = 0;
  double max_distance = 0.0;
  double worst_tolerance = 0.0;
  double worst_local_length = 0.0;
  std::string worst_body;
};

double representativeLength(const networkPoint* p) {
  if (!p)
    return 0.0;
  double sum = 0.0;
  std::size_t count = 0;
  for (const auto* l : p->getLines()) {
    if (!l)
      continue;
    const double len = l->length();
    if (!(len > 0.0))
      continue;
    sum += len;
    ++count;
  }
  if (count > 0)
    return sum / static_cast<double>(count);
  if (p->contact_range > 0.0)
    return p->contact_range;
  return 0.0;
}

double representativeLength(const networkLine* l) {
  if (!l)
    return 0.0;
  const double len = l->length();
  if (len > 0.0)
    return len;
  const auto [p0, p1] = l->getPoints();
  return std::max(representativeLength(p0), representativeLength(p1));
}

double penetrationTolerance(const double h_local) {
  constexpr double c_rel = 0.25;
  constexpr double c_abs_eps = 1e-6;
  return (h_local > 0.0) ? c_rel * h_local + c_abs_eps : c_abs_eps;
}

std::vector<Network*> penetrationCandidateSolids(const std::vector<Network*>& fluids,
                                                 const std::vector<Network*>& solids) {
  static std::unordered_map<const Network*, bool> enclosure_cache;
  static std::unordered_set<const Network*> logged;

  std::vector<Network*> out;
  out.reserve(solids.size());

  for (auto* solid : solids) {
    if (!solid)
      continue;

    auto [it, inserted] = enclosure_cache.emplace(solid, false);
    if (inserted) {
      std::size_t inside_count = 0;
      std::size_t total_count = 0;
      for (const auto* fluid : fluids) {
        if (!fluid)
          continue;
        for (const auto* p : fluid->getBoundaryPoints()) {
          ++total_count;
          if (solid->InsideQ(p->X))
            ++inside_count;
        }
      }
      const double inside_fraction =
          (total_count > 0) ? static_cast<double>(inside_count) / static_cast<double>(total_count) : 0.0;
      it->second = inside_fraction > 0.2;

      if (!logged.contains(solid)) {
        std::cout << Yellow << "[structure_contact] body " << solid->getName()
                  << ": inside_fraction=" << inside_fraction
                  << (it->second ? " -> enclosure, excluded from penetration rejection"
                                 : " -> obstacle, monitored for penetration")
                  << colorReset << std::endl;
        logged.insert(solid);
      }
    }

    if (!it->second)
      out.push_back(solid);
  }

  return out;
}

[[nodiscard]] PenetrationReport detectStructurePenetration(const std::vector<Network*>& fluids,
                                                           const std::vector<Network*>& solids) {
  PenetrationReport report;
  for (const auto* water : fluids) {
    for (const auto* p : water->getBoundaryPoints()) {
      const double h_local = representativeLength(p);
      const double tolerance = penetrationTolerance(h_local);
      for (const auto* solid : solids) {
        if (!solid->InsideQ(p->X))
          continue;
        auto [near_f, near_x] = solid->Nearest(p->X);
        const double dist = near_f ? Norm(p->X - near_x) : 0.0;
        if (dist <= tolerance)
          continue;
        ++report.point_count;
        if (dist > report.max_distance) {
          report.max_distance = dist;
          report.worst_tolerance = tolerance;
          report.worst_local_length = h_local;
          report.worst_body = solid->getName();
        }
        break;
      }
    }
    if (use_true_quadratic_element) {
      // Midpoint DOFs exist only on true-quadratic elements.
      for (const auto* l : water->getBoundaryLines()) {
        const bool has_true_quad = std::ranges::any_of(l->getBoundaryFaces(), [](const auto* f) { return f->isTrueQuadraticElement; });
        if (!has_true_quad)
          continue;
        const double h_local = representativeLength(l);
        const double tolerance = penetrationTolerance(h_local);
        for (const auto* solid : solids) {
          if (!solid->InsideQ(l->X_mid))
            continue;
          auto [near_f, near_x] = solid->Nearest(l->X_mid);
          const double dist = near_f ? Norm(l->X_mid - near_x) : 0.0;
          if (dist <= tolerance)
            continue;
          ++report.face_count;
          if (dist > report.max_distance) {
            report.max_distance = dist;
            report.worst_tolerance = tolerance;
            report.worst_local_length = h_local;
            report.worst_body = solid->getName();
          }
          break;
        }
      }
    }
  }
  return report;
}

void throwIfStructurePenetrated(const std::vector<Network*>& fluids,
                                const std::vector<Network*>& solids,
                                const int time_step,
                                const std::string& stage) {
  const auto active_solids = penetrationCandidateSolids(fluids, solids);
  if (active_solids.empty())
    return;
  const auto report = detectStructurePenetration(fluids, active_solids);
  if (report.point_count == 0 && report.face_count == 0)
    return;
  throw step_failure("structure penetration detected at " + stage +
                     " on time_step " + std::to_string(time_step) +
                     " (points=" + std::to_string(report.point_count) +
                     ", mids=" + std::to_string(report.face_count) +
                     ", max_distance=" + std::to_string(report.max_distance) +
                     (report.worst_body.empty() ? "" : ", body=" + report.worst_body) +
                     ", tolerance=" + std::to_string(report.worst_tolerance) +
                     ", h_local=" + std::to_string(report.worst_local_length) + ")");
}
} // namespace

// ---------------------------------------------------------------------------
// Export kernel scatter data: G and dG/dn vs distance for a representative
// water surface node. Called once at time_step == 0 for error analysis.
// ---------------------------------------------------------------------------
// Dunavant quadrature rules for triangles (barycentric coordinates)
// Format: {lambda0, lambda1, lambda2, weight}, weights sum to 1.0
// Integral: area * sum(w_i * f(lambda_i * X))
static constexpr std::array<std::array<double, 4>, 1> __dunavant_1__ = {{{1. / 3., 1. / 3., 1. / 3., 1.0}}};
static constexpr std::array<std::array<double, 4>, 3> __dunavant_3__ = {{{2. / 3., 1. / 6., 1. / 6., 1. / 3.},
                                                                         {1. / 6., 2. / 3., 1. / 6., 1. / 3.},
                                                                         {1. / 6., 1. / 6., 2. / 3., 1. / 3.}}};
// Dunavant / Hammer-Marlowe-Stroud 4-point rule, degree 3 (n=4)
// Note: centroid weight is negative, which is mathematically valid
static constexpr std::array<std::array<double, 4>, 4> __dunavant_4__ = {{{1. / 3., 1. / 3., 1. / 3., -27. / 48.},
                                                                         {3. / 5., 1. / 5., 1. / 5., 25. / 48.},
                                                                         {1. / 5., 3. / 5., 1. / 5., 25. / 48.},
                                                                         {1. / 5., 1. / 5., 3. / 5., 25. / 48.}}};
// Dunavant 6-point rule, degree 4 (n=5), all positive weights
static constexpr std::array<std::array<double, 4>, 6> __dunavant_6__ = {{{0.816847572980459, 0.091576213509771, 0.091576213509771, 0.109951743655322},
                                                                         {0.091576213509771, 0.816847572980459, 0.091576213509771, 0.109951743655322},
                                                                         {0.091576213509771, 0.091576213509771, 0.816847572980459, 0.109951743655322},
                                                                         {0.108103018168070, 0.445948490915965, 0.445948490915965, 0.223381589678011},
                                                                         {0.445948490915965, 0.108103018168070, 0.445948490915965, 0.223381589678011},
                                                                         {0.445948490915965, 0.445948490915965, 0.108103018168070, 0.223381589678011}}};
static constexpr std::array<std::array<double, 4>, 7> __dunavant_7__ = {{{1. / 3., 1. / 3., 1. / 3., 0.225},
                                                                         {0.059715871789770, 0.470142064105115, 0.470142064105115, 0.132394152788506},
                                                                         {0.470142064105115, 0.059715871789770, 0.470142064105115, 0.132394152788506},
                                                                         {0.470142064105115, 0.470142064105115, 0.059715871789770, 0.132394152788506},
                                                                         {0.797426985353087, 0.101286507323456, 0.101286507323456, 0.125939180544827},
                                                                         {0.101286507323456, 0.797426985353087, 0.101286507323456, 0.125939180544827},
                                                                         {0.101286507323456, 0.101286507323456, 0.797426985353087, 0.125939180544827}}};
// D12: 12-point rule (degree 6), weights sum to 1.0
static constexpr std::array<std::array<double, 4>, 12> __dunavant_12__ = {{{0.501426509658179, 0.249286745170910, 0.249286745170910, 0.116786275726379},
                                                                           {0.249286745170910, 0.501426509658179, 0.249286745170910, 0.116786275726379},
                                                                           {0.249286745170910, 0.249286745170910, 0.501426509658179, 0.116786275726379},
                                                                           {0.873821971016996, 0.063089014491502, 0.063089014491502, 0.050844906370207},
                                                                           {0.063089014491502, 0.873821971016996, 0.063089014491502, 0.050844906370207},
                                                                           {0.063089014491502, 0.063089014491502, 0.873821971016996, 0.050844906370207},
                                                                           {0.053145049844817, 0.310352451033784, 0.636502499121399, 0.082851075618374},
                                                                           {0.053145049844817, 0.636502499121399, 0.310352451033784, 0.082851075618374},
                                                                           {0.310352451033784, 0.053145049844817, 0.636502499121399, 0.082851075618374},
                                                                           {0.310352451033784, 0.636502499121399, 0.053145049844817, 0.082851075618374},
                                                                           {0.636502499121399, 0.053145049844817, 0.310352451033784, 0.082851075618374},
                                                                           {0.636502499121399, 0.310352451033784, 0.053145049844817, 0.082851075618374}}};
// D13: 13-point rule (degree 7), weights sum to 1.0 (negative center weight)
static constexpr std::array<std::array<double, 4>, 13> __dunavant_13__ = {{{1. / 3., 1. / 3., 1. / 3., -0.149570044467682},
                                                                           {0.479308067841920, 0.260345966079040, 0.260345966079040, 0.175615257433208},
                                                                           {0.260345966079040, 0.479308067841920, 0.260345966079040, 0.175615257433208},
                                                                           {0.260345966079040, 0.260345966079040, 0.479308067841920, 0.175615257433208},
                                                                           {0.869739794195568, 0.065130102902216, 0.065130102902216, 0.053347235608838},
                                                                           {0.065130102902216, 0.869739794195568, 0.065130102902216, 0.053347235608838},
                                                                           {0.065130102902216, 0.065130102902216, 0.869739794195568, 0.053347235608838},
                                                                           {0.048690315425316, 0.312865496004874, 0.638444188569810, 0.077113760890257},
                                                                           {0.048690315425316, 0.638444188569810, 0.312865496004874, 0.077113760890257},
                                                                           {0.312865496004874, 0.048690315425316, 0.638444188569810, 0.077113760890257},
                                                                           {0.312865496004874, 0.638444188569810, 0.048690315425316, 0.077113760890257},
                                                                           {0.638444188569810, 0.048690315425316, 0.312865496004874, 0.077113760890257},
                                                                           {0.638444188569810, 0.312865496004874, 0.048690315425316, 0.077113760890257}}};
// D16: 16-point rule (degree 8), weights sum to 1.0
static constexpr std::array<std::array<double, 4>, 16> __dunavant_16__ = {{{1. / 3., 1. / 3., 1. / 3., 0.144315607677787},
                                                                           {0.081414823414554, 0.459292588292723, 0.459292588292723, 0.095091634267285},
                                                                           {0.459292588292723, 0.081414823414554, 0.459292588292723, 0.095091634267285},
                                                                           {0.459292588292723, 0.459292588292723, 0.081414823414554, 0.095091634267285},
                                                                           {0.658861384496480, 0.170569307751760, 0.170569307751760, 0.103217370534718},
                                                                           {0.170569307751760, 0.658861384496480, 0.170569307751760, 0.103217370534718},
                                                                           {0.170569307751760, 0.170569307751760, 0.658861384496480, 0.103217370534718},
                                                                           {0.898905543365938, 0.050547228317031, 0.050547228317031, 0.032458497623198},
                                                                           {0.050547228317031, 0.898905543365938, 0.050547228317031, 0.032458497623198},
                                                                           {0.050547228317031, 0.050547228317031, 0.898905543365938, 0.032458497623198},
                                                                           {0.008394777409958, 0.263112829634638, 0.728492392955404, 0.027230314174435},
                                                                           {0.008394777409958, 0.728492392955404, 0.263112829634638, 0.027230314174435},
                                                                           {0.263112829634638, 0.008394777409958, 0.728492392955404, 0.027230314174435},
                                                                           {0.263112829634638, 0.728492392955404, 0.008394777409958, 0.027230314174435},
                                                                           {0.728492392955404, 0.008394777409958, 0.263112829634638, 0.027230314174435},
                                                                           {0.728492392955404, 0.263112829634638, 0.008394777409958, 0.027230314174435}}};
// D19: 19-point rule (degree 9), weights sum to 1.0
static constexpr std::array<std::array<double, 4>, 19> __dunavant_19__ = {{{1. / 3., 1. / 3., 1. / 3., 0.097135796282799},
                                                                           {0.020634961602525, 0.489682519198738, 0.489682519198738, 0.031334700227139},
                                                                           {0.489682519198738, 0.020634961602525, 0.489682519198738, 0.031334700227139},
                                                                           {0.489682519198738, 0.489682519198738, 0.020634961602525, 0.031334700227139},
                                                                           {0.125820817014127, 0.437089591492937, 0.437089591492937, 0.077827541004774},
                                                                           {0.437089591492937, 0.125820817014127, 0.437089591492937, 0.077827541004774},
                                                                           {0.437089591492937, 0.437089591492937, 0.125820817014127, 0.077827541004774},
                                                                           {0.623592928761935, 0.188203535619033, 0.188203535619033, 0.079647738927210},
                                                                           {0.188203535619033, 0.623592928761935, 0.188203535619033, 0.079647738927210},
                                                                           {0.188203535619033, 0.188203535619033, 0.623592928761935, 0.079647738927210},
                                                                           {0.910540973211095, 0.044729513394453, 0.044729513394453, 0.025577675658698},
                                                                           {0.044729513394453, 0.910540973211095, 0.044729513394453, 0.025577675658698},
                                                                           {0.044729513394453, 0.044729513394453, 0.910540973211095, 0.025577675658698},
                                                                           {0.036838412054736, 0.221962989160766, 0.741198598784498, 0.043283539377289},
                                                                           {0.036838412054736, 0.741198598784498, 0.221962989160766, 0.043283539377289},
                                                                           {0.221962989160766, 0.036838412054736, 0.741198598784498, 0.043283539377289},
                                                                           {0.221962989160766, 0.741198598784498, 0.036838412054736, 0.043283539377289},
                                                                           {0.741198598784498, 0.036838412054736, 0.221962989160766, 0.043283539377289},
                                                                           {0.741198598784498, 0.221962989160766, 0.036838412054736, 0.043283539377289}}};
// D25: 25-point rule (degree 10), weights sum to 1.0
static constexpr std::array<std::array<double, 4>, 25> __dunavant_25__ = {{{1. / 3., 1. / 3., 1. / 3., 0.090817990382754},
                                                                           {0.028844733232685, 0.485577633383657, 0.485577633383657, 0.036725957756467},
                                                                           {0.485577633383657, 0.028844733232685, 0.485577633383657, 0.036725957756467},
                                                                           {0.485577633383657, 0.485577633383657, 0.028844733232685, 0.036725957756467},
                                                                           {0.781036849029926, 0.109481575485037, 0.109481575485037, 0.045321059435528},
                                                                           {0.109481575485037, 0.781036849029926, 0.109481575485037, 0.045321059435528},
                                                                           {0.109481575485037, 0.109481575485037, 0.781036849029926, 0.045321059435528},
                                                                           {0.141707219414880, 0.307939838764121, 0.550352941820999, 0.072757916845420},
                                                                           {0.141707219414880, 0.550352941820999, 0.307939838764121, 0.072757916845420},
                                                                           {0.307939838764121, 0.141707219414880, 0.550352941820999, 0.072757916845420},
                                                                           {0.307939838764121, 0.550352941820999, 0.141707219414880, 0.072757916845420},
                                                                           {0.550352941820999, 0.141707219414880, 0.307939838764121, 0.072757916845420},
                                                                           {0.550352941820999, 0.307939838764121, 0.141707219414880, 0.072757916845420},
                                                                           {0.025003534762686, 0.246672560639903, 0.728323904597411, 0.028327242531057},
                                                                           {0.025003534762686, 0.728323904597411, 0.246672560639903, 0.028327242531057},
                                                                           {0.246672560639903, 0.025003534762686, 0.728323904597411, 0.028327242531057},
                                                                           {0.246672560639903, 0.728323904597411, 0.025003534762686, 0.028327242531057},
                                                                           {0.728323904597411, 0.025003534762686, 0.246672560639903, 0.028327242531057},
                                                                           {0.728323904597411, 0.246672560639903, 0.025003534762686, 0.028327242531057},
                                                                           {0.009540815400299, 0.066803251012200, 0.923655933587500, 0.009421666963733},
                                                                           {0.009540815400299, 0.923655933587500, 0.066803251012200, 0.009421666963733},
                                                                           {0.066803251012200, 0.009540815400299, 0.923655933587500, 0.009421666963733},
                                                                           {0.066803251012200, 0.923655933587500, 0.009540815400299, 0.009421666963733},
                                                                           {0.923655933587500, 0.009540815400299, 0.066803251012200, 0.009421666963733},
                                                                           {0.923655933587500, 0.066803251012200, 0.009540815400299, 0.009421666963733}}};

void exportKernelScatterData(const std::vector<Network*>& FluidObject,
                             const std::filesystem::path& output_directory) {
  if (FluidObject.empty())
    return;

  auto* water = FluidObject[0];
  auto surfaces = water->getBoundaryFaces();
  auto points = water->getBoundaryPoints();

  if (surfaces.empty() || points.empty())
    return;

  // Characteristic element size: h = sqrt(mean face area)
  double total_area = 0;
  for (const auto& f : surfaces)
    total_area += f->area;
  const double h = std::sqrt(total_area / surfaces.size());

  // Find target point closest to the centroid of the water surface
  Tddd centroid = {0., 0., 0.};
  for (const auto& p : points)
    centroid = centroid + p->X;
  centroid = centroid / static_cast<double>(points.size());

  networkPoint* target = nullptr;
  double min_dist = 1e20;
  for (const auto& p : points) {
    double d = Norm(p->X - centroid);
    if (d < min_dist) {
      min_dist = d;
      target = p;
    }
  }
  if (!target)
    return;

  std::cout << "[exportKernelScatterData] target: (" << target->X[0] << ", " << target->X[1] << ", " << target->X[2]
            << "), h = " << h << ", N_faces = " << surfaces.size() << std::endl;

  std::ofstream ofs(output_directory / "kernel_scatter.csv");
  ofs << std::setprecision(15);
  ofs << "face_index,type,is_singular,r,r_over_h,"
      << "intG_gw1,intGn_gw1,intG_gw3,intGn_gw3,intG_gw5,intGn_gw5,intG_gw11,intGn_gw11,"
      << "intG_d1,intGn_d1,intG_d3,intGn_d3,intG_d4,intGn_d4,intG_d6,intGn_d6,intG_d7,intGn_d7,"
      << "intG_d12,intGn_d12,intG_d13,intGn_d13,intG_d16,intGn_d16,intG_d19,intGn_d19,intG_d25,intGn_d25,"
      << "area,area_over_h2\n";

  constexpr double inv4pi = 1.0 / (4.0 * M_PI);

  int face_idx = 0;
  for (const auto& f : surfaces) {
    auto [p0, p1, p2] = f->getPoints();
    const Tddd X0 = p0->X, X1 = p1->X, X2 = p2->X;

    const Tddd cross = Cross(X1 - X0, X2 - X0);
    const double J_det = Norm(cross);

    const double r = Norm((X0 + X1 + X2) / 3. - target->X);

    // Detect singular face (target is a vertex of this face)
    const bool is_singular = (p0 == target || p1 == target || p2 == target);

    // --- Tensor product GW quadrature (square-to-triangle mapping) ---
    // intG = sum ww*(1-t0) * J_det * G,  intGn = -sum ww*(1-t0) * dot(R, cross) * Gn_factor
    double intG_gw1 = 0., intGn_gw1 = 0.;
    for (const auto& [t0, t1, ww] : __array_GW1xGW1__) {
      const double weight = ww * (1. - t0);
      const auto N = ModTriShape<3>(t0, t1);
      const Tddd X = N[0] * X0 + N[1] * X1 + N[2] * X2;
      const Tddd R = X - target->X;
      const double nr = Norm(R);
      if (nr < 1e-20)
        continue;
      intG_gw1 += weight * J_det * inv4pi / nr;
      intGn_gw1 -= weight * Dot(R, cross) * inv4pi / (nr * nr * nr);
    }

    double intG_gw3 = 0., intGn_gw3 = 0.;
    for (const auto& [t0, t1, ww] : __array_GW3xGW3__) {
      const double weight = ww * (1. - t0);
      const auto N = ModTriShape<3>(t0, t1);
      const Tddd X = N[0] * X0 + N[1] * X1 + N[2] * X2;
      const Tddd R = X - target->X;
      const double nr = Norm(R);
      if (nr < 1e-20)
        continue;
      intG_gw3 += weight * J_det * inv4pi / nr;
      intGn_gw3 -= weight * Dot(R, cross) * inv4pi / (nr * nr * nr);
    }

    double intG_gw5 = 0., intGn_gw5 = 0.;
    for (const auto& [t0, t1, ww] : __array_GW5xGW5__) {
      const double weight = ww * (1. - t0);
      const auto N = ModTriShape<3>(t0, t1);
      const Tddd X = N[0] * X0 + N[1] * X1 + N[2] * X2;
      const Tddd R = X - target->X;
      const double nr = Norm(R);
      if (nr < 1e-20)
        continue;
      intG_gw5 += weight * J_det * inv4pi / nr;
      intGn_gw5 -= weight * Dot(R, cross) * inv4pi / (nr * nr * nr);
    }

    // --- Dunavant quadrature (direct barycentric coordinates) ---
    // intG = (J_det/2) * sum w * G,  intGn = -(1/2) * sum w * dot(R, cross) * Gn_factor
    const double half_J = J_det * 0.5;

    double intG_d1 = 0., intGn_d1 = 0.;
    for (const auto& [l0, l1, l2, w] : __dunavant_1__) {
      const Tddd X = l0 * X0 + l1 * X1 + l2 * X2;
      const Tddd R = X - target->X;
      const double nr = Norm(R);
      if (nr < 1e-20)
        continue;
      intG_d1 += half_J * w * inv4pi / nr;
      intGn_d1 -= 0.5 * w * Dot(R, cross) * inv4pi / (nr * nr * nr);
    }

    double intG_d3 = 0., intGn_d3 = 0.;
    for (const auto& [l0, l1, l2, w] : __dunavant_3__) {
      const Tddd X = l0 * X0 + l1 * X1 + l2 * X2;
      const Tddd R = X - target->X;
      const double nr = Norm(R);
      if (nr < 1e-20)
        continue;
      intG_d3 += half_J * w * inv4pi / nr;
      intGn_d3 -= 0.5 * w * Dot(R, cross) * inv4pi / (nr * nr * nr);
    }

    double intG_d4 = 0., intGn_d4 = 0.;
    for (const auto& [l0, l1, l2, w] : __dunavant_4__) {
      const Tddd X = l0 * X0 + l1 * X1 + l2 * X2;
      const Tddd R = X - target->X;
      const double nr = Norm(R);
      if (nr < 1e-20)
        continue;
      intG_d4 += half_J * w * inv4pi / nr;
      intGn_d4 -= 0.5 * w * Dot(R, cross) * inv4pi / (nr * nr * nr);
    }

    double intG_d6 = 0., intGn_d6 = 0.;
    for (const auto& [l0, l1, l2, w] : __dunavant_6__) {
      const Tddd X = l0 * X0 + l1 * X1 + l2 * X2;
      const Tddd R = X - target->X;
      const double nr = Norm(R);
      if (nr < 1e-20)
        continue;
      intG_d6 += half_J * w * inv4pi / nr;
      intGn_d6 -= 0.5 * w * Dot(R, cross) * inv4pi / (nr * nr * nr);
    }

    double intG_d7 = 0., intGn_d7 = 0.;
    for (const auto& [l0, l1, l2, w] : __dunavant_7__) {
      const Tddd X = l0 * X0 + l1 * X1 + l2 * X2;
      const Tddd R = X - target->X;
      const double nr = Norm(R);
      if (nr < 1e-20)
        continue;
      intG_d7 += half_J * w * inv4pi / nr;
      intGn_d7 -= 0.5 * w * Dot(R, cross) * inv4pi / (nr * nr * nr);
    }

    double intG_d12 = 0., intGn_d12 = 0.;
    for (const auto& [l0, l1, l2, w] : __dunavant_12__) {
      const Tddd X = l0 * X0 + l1 * X1 + l2 * X2;
      const Tddd R = X - target->X;
      const double nr = Norm(R);
      if (nr < 1e-20)
        continue;
      intG_d12 += half_J * w * inv4pi / nr;
      intGn_d12 -= 0.5 * w * Dot(R, cross) * inv4pi / (nr * nr * nr);
    }

    double intG_d13 = 0., intGn_d13 = 0.;
    for (const auto& [l0, l1, l2, w] : __dunavant_13__) {
      const Tddd X = l0 * X0 + l1 * X1 + l2 * X2;
      const Tddd R = X - target->X;
      const double nr = Norm(R);
      if (nr < 1e-20)
        continue;
      intG_d13 += half_J * w * inv4pi / nr;
      intGn_d13 -= 0.5 * w * Dot(R, cross) * inv4pi / (nr * nr * nr);
    }

    double intG_d16 = 0., intGn_d16 = 0.;
    for (const auto& [l0, l1, l2, w] : __dunavant_16__) {
      const Tddd X = l0 * X0 + l1 * X1 + l2 * X2;
      const Tddd R = X - target->X;
      const double nr = Norm(R);
      if (nr < 1e-20)
        continue;
      intG_d16 += half_J * w * inv4pi / nr;
      intGn_d16 -= 0.5 * w * Dot(R, cross) * inv4pi / (nr * nr * nr);
    }

    double intG_d19 = 0., intGn_d19 = 0.;
    for (const auto& [l0, l1, l2, w] : __dunavant_19__) {
      const Tddd X = l0 * X0 + l1 * X1 + l2 * X2;
      const Tddd R = X - target->X;
      const double nr = Norm(R);
      if (nr < 1e-20)
        continue;
      intG_d19 += half_J * w * inv4pi / nr;
      intGn_d19 -= 0.5 * w * Dot(R, cross) * inv4pi / (nr * nr * nr);
    }

    double intG_d25 = 0., intGn_d25 = 0.;
    for (const auto& [l0, l1, l2, w] : __dunavant_25__) {
      const Tddd X = l0 * X0 + l1 * X1 + l2 * X2;
      const Tddd R = X - target->X;
      const double nr = Norm(R);
      if (nr < 1e-20)
        continue;
      intG_d25 += half_J * w * inv4pi / nr;
      intGn_d25 -= 0.5 * w * Dot(R, cross) * inv4pi / (nr * nr * nr);
    }

    // --- Reference: GW11x11 (121 points) ---
    double intG_gw11 = 0., intGn_gw11 = 0.;
    for (const auto& [t0, t1, ww] : __array_GW11xGW11__) {
      const double weight = ww * (1. - t0);
      const auto N = ModTriShape<3>(t0, t1);
      const Tddd X = N[0] * X0 + N[1] * X1 + N[2] * X2;
      const Tddd R = X - target->X;
      const double nr = Norm(R);
      if (nr < 1e-20)
        continue;
      intG_gw11 += weight * J_det * inv4pi / nr;
      intGn_gw11 -= weight * Dot(R, cross) * inv4pi / (nr * nr * nr);
    }

    const char* type = f->Dirichlet ? "D" : "N";
    ofs << face_idx << "," << type << "," << (is_singular ? 1 : 0) << ","
        << r << "," << r / h << ","
        << intG_gw1 << "," << intGn_gw1 << ","
        << intG_gw3 << "," << intGn_gw3 << ","
        << intG_gw5 << "," << intGn_gw5 << ","
        << intG_gw11 << "," << intGn_gw11 << ","
        << intG_d1 << "," << intGn_d1 << ","
        << intG_d3 << "," << intGn_d3 << ","
        << intG_d4 << "," << intGn_d4 << ","
        << intG_d6 << "," << intGn_d6 << ","
        << intG_d7 << "," << intGn_d7 << ","
        << intG_d12 << "," << intGn_d12 << ","
        << intG_d13 << "," << intGn_d13 << ","
        << intG_d16 << "," << intGn_d16 << ","
        << intG_d19 << "," << intGn_d19 << ","
        << intG_d25 << "," << intGn_d25 << ","
        << f->area << "," << f->area / (h * h) << "\n";
    face_idx++;
  }

  ofs.close();
  std::cout << "[exportKernelScatterData] wrote " << face_idx << " faces to "
            << (output_directory / "kernel_scatter.csv").string() << std::endl;
}

int main(int argc, char** argv) {
  installCrashBacktraceIfRequested();
  enableRealFieldFmmDefaultForTimeDomain();
  std::clock_t cpu_clock_start = std::clock();
  auto wall_clock_start = std::chrono::high_resolution_clock::now();

  /*DOC_EXTRACT 0_1_BEM

  ## 入力ファイルの読み込み

  1. 境界条件の設定
  2. 境界値問題（BIE）を解き，$\phi$と$\phi_n$を求める
  3. 三角形の線形補間を使って節点の流速を計算する

  */

  /* --------------------------------------------------------------------------*/
  /*                           Set up logging to file
  /* --------------------------------------------------------------------------*/
  if (!initializeLogFile("log.txt", argc, argv))
    return 1;
  if (argc <= 1)
    throw error_message(__FILE__, __PRETTY_FUNCTION__, __LINE__, "argv <= 1. write input json file directory!\nex.\n$ ./main ./input");
  SimulationSettings setting(argv[1], SimulationSettings::DomainMode::Time);
  std::filesystem::path input_directory = setting.common.input_directory;
  const double max_dt = setting.time.max_dt;
  const int node_relocation_period = setting.time.node_relocation.period;
  int end_time_step = setting.time.end_time_step;
  // BEM_BENCH_STEPS: override end_time_step for short profiling runs.
  if (const char* bench_steps_env = std::getenv("BEM_BENCH_STEPS")) {
    const int bench_steps = std::atoi(bench_steps_env);
    if (bench_steps > 0 && bench_steps < end_time_step)
      end_time_step = bench_steps;
  }
  const double end_time = setting.time.end_time;
  const double stop_remesh_time = setting.remeshing.stop_remesh_time;
  const double force_remesh_time = setting.remeshing.force_remesh_time;
  const bool tetrahedralize = setting.remeshing.tetrahedralize;
  const bool surface_flip = setting.remeshing.surface_flip;
  const int grid_refinement = setting.remeshing.grid_refinement;
  const std::filesystem::path output_directory = setting.common.output_directory;
  use_linear_element = setting.bem.element.linear;
  use_pseudo_quadratic_element = setting.bem.element.pseudo_quadratic;
  use_true_quadratic_element = setting.bem.element.true_quadratic;
  // Node relocation: method
  {
    using M = SimulationSettings::TimeDomainSettings::NodeRelocationSettings::Method;
    switch (setting.time.node_relocation.method) {
      case M::ALE:            node_relocation_method = NodeRelocationMethod::ALE; break;
      case M::interpolation:  node_relocation_method = NodeRelocationMethod::interpolation; break;
      default:                node_relocation_method = NodeRelocationMethod::none; break;
    }
  }
  // Node relocation: surface precision (auto-resolve from element type unless explicitly set)
  if (setting.time.node_relocation.surface_explicitly_set) {
    using S = SimulationSettings::TimeDomainSettings::NodeRelocationSettings::Surface;
    switch (setting.time.node_relocation.surface) {
      case S::linear:           node_relocation_surface = NodeRelocationSurface::linear; break;
      case S::true_quadratic:   node_relocation_surface = NodeRelocationSurface::true_quadratic; break;
      default:                  node_relocation_surface = NodeRelocationSurface::pseudo_quadratic; break;
    }
  } else {
    if (use_true_quadratic_element)
      node_relocation_surface = NodeRelocationSurface::true_quadratic;
    else
      node_relocation_surface = NodeRelocationSurface::pseudo_quadratic;
  }
  solver_type = setting.bem.solver.solver_type;
  coupling_type = setting.bem.solver.coupling_type;
  coupling_tol = setting.bem.solver.coupling_tol;
  coupling_params = setting.bem.solver.coupling_params;
  preconditioner_type = setting.bem.solver.preconditioner_type;
  ilu_neighborhood_type = setting.bem.solver.ilu_neighborhood_type;
  ilu_kring_num = setting.bem.solver.ilu_kring_num;
  milu_omega = setting.bem.solver.milu_omega;
  ilut_drop_tol = setting.bem.solver.ilut_drop_tol;
  ilut_max_entries_per_row = setting.bem.solver.ilut_max_entries_per_row;
  ilut_pivot_min = setting.bem.solver.ilut_pivot_min;
  schwarz_core_k = setting.bem.solver.schwarz_core_k;
  schwarz_overlap_k = setting.bem.solver.schwarz_overlap_k;
  schwarz_max_core_size = setting.bem.solver.schwarz_max_core_size;
  schwarz_max_block_size = setting.bem.solver.schwarz_max_block_size;
  schwarz_pivot_min = setting.bem.solver.schwarz_pivot_min;
  schwarz_diag_shift = setting.bem.solver.schwarz_diag_shift;
  solver_tol = setting.bem.solver.solver_tol;
  solver_max_iter = setting.bem.solver.solver_max_iter;
  solver_restart = setting.bem.solver.solver_restart;
  fmm_max_level = setting.bem.solver.fmm_max_level;
  fmm_bucket_max_points = setting.bem.solver.fmm_bucket_max_points;
#if defined(USE_METAL_M2L)
  use_metal_m2l = setting.bem.solver.use_metal_m2l;
  metal_m2l_threadgroup = setting.bem.solver.metal_m2l_threadgroup;
